594
(1,377,11.499014955186272)
(377,352,39.248169485071045)
(352,0,21.287015589949082)
(24,23,49.78997657719581)
(23,6,73.73402526831181)
(6,22,78.80821763026405)
(22,21,59.43669821862575)
(21,20,129.39084651867915)
(20,216,60.17221366332047)
(216,19,25.016410348217207)
(298,30,607.5809527890196)
(35,36,28.41615419291666)
(36,37,57.036801352487785)
(37,38,133.412210466965)
(38,39,54.06092169320363)
(39,244,37.056959171934814)
(244,28,15.88843040315517)
(0,391,99.11008476090868)
(391,40,2.5587764298667057)
(40,41,105.12430713631642)
(41,29,127.92556874382154)
(29,23,22.054813965059264)
(23,42,76.37780361139853)
(42,285,70.20278579716846)
(285,282,9.921467206389346)
(282,4,63.563937701853966)
(4,44,75.0428619736909)
(44,45,69.09420800254651)
(45,46,122.83173150599968)
(46,47,60.619132801434766)
(47,48,21.104698277941452)
(280,269,483.3680694108794)
(269,280,483.3680694108794)
(49,60,83.38952454040891)
(60,61,126.95452329337238)
(61,62,64.41518523657474)
(62,5,76.54829190099937)
(5,42,71.20109327507483)
(42,63,36.014692642258716)
(64,65,35.943255487794225)
(65,64,35.943255487794225)
(65,356,46.98440924522364)
(356,65,46.98440924522364)
(356,31,7.680440088581414)
(31,356,7.680440088581414)
(66,67,106.52396621241915)
(67,66,106.52396621241915)
(67,361,9.40681928797266)
(361,257,4.947308047851629)
(257,256,6.80111910858165)
(256,68,27.499899228829257)
(68,46,37.74250490417652)
(46,60,76.12766368572318)
(60,20,71.90670605383333)
(20,37,68.35205039603218)
(37,69,48.9129270368109)
(69,245,3.9097490472368768)
(245,70,42.44823133851863)
(70,249,10.091801399679497)
(249,50,50.63715111172857)
(26,70,52.21224049898467)
(70,36,74.4374959673096)
(36,242,6.79780326853834)
(242,216,62.21526043770409)
(79,45,1379.940969468835)
(358,94,54.26206443638137)
(94,358,54.26206443638137)
(92,93,40.09754467517698)
(92,102,614.1690907262134)
(34,119,893.5699272952345)
(119,34,893.5699272952345)
(13,136,78.65082761515497)
(136,74,51.24896143375182)
(74,121,76.38459266817333)
(121,208,55.81056203852228)
(208,160,25.829459848028982)
(160,54,58.44606247188978)
(210,125,585.4930918777769)
(56,158,60.65363785796051)
(158,159,25.90650720767898)
(159,123,58.692734446628485)
(123,76,75.04346285257067)
(76,135,50.11269740577972)
(135,15,79.4835764625334)
(120,329,17.27712469304619)
(329,161,29.99213771124435)
(32,129,1002.7259587355114)
(11,131,79.65777675465624)
(131,73,50.28884036631143)
(73,80,77.06556853378837)
(80,169,54.09110744251297)
(169,53,82.92073921562101)
(27,83,95.58146530064235)
(83,27,95.58146530064235)
(83,301,26.35243033358522)
(301,83,26.35243033358522)
(301,300,6.760554751089183)
(300,301,6.760554751089183)
(300,132,5.297656867795987)
(132,300,5.297656867795987)
(132,130,97.35219777542034)
(130,132,97.35219777542034)
(144,8,78.61188975678836)
(8,41,74.19740638804713)
(41,252,73.91988489580284)
(44,147,1372.239257977341)
(148,101,148.54624213955213)
(101,148,148.54624213955213)
(101,108,10.033097676432629)
(108,101,10.033097676432629)
(57,328,5.978277460192555)
(328,58,52.076647869615535)
(58,78,76.87159442513287)
(78,146,52.89598709380936)
(146,17,77.87033993010829)
(17,151,73.53708862519733)
(151,387,59.76482047999162)
(387,386,3.6149161159374956)
(386,107,9.790160328573231)
(80,189,921.6936433222714)
(94,355,686.2418909927287)
(106,154,71.10039024648286)
(154,16,75.48943015560072)
(16,145,78.24651729021845)
(145,77,52.13177490935599)
(77,137,76.44867524816395)
(137,170,57.51326703826498)
(170,134,56.400315922149666)
(149,151,164.43546468838764)
(151,154,91.28255680545355)
(154,140,91.50290278772849)
(148,248,8.77592628328139)
(248,148,8.77592628328139)
(248,271,131.40267085789023)
(271,248,131.40267085789023)
(271,153,86.89114668393209)
(153,271,86.89114668393209)
(175,173,69.34019718496526)
(173,175,69.34019718496526)
(173,171,84.2422338966816)
(171,173,84.2422338966816)
(171,168,71.58120029636731)
(168,171,71.58120029636731)
(250,167,73.56553491463778)
(167,172,68.42365631459747)
(172,176,40.640625059715596)
(176,255,14.785001759963164)
(255,177,41.3868105111543)
(177,178,35.62039514690783)
(178,254,289.67920454348683)
(254,178,289.67920454348683)
(177,179,80.12150976896147)
(179,155,10.666994784462238)
(170,164,99.065123789781)
(164,159,78.78910476955475)
(159,165,72.16479138851489)
(165,157,67.95799717469605)
(157,208,75.92422649069394)
(208,112,65.48131170779574)
(112,169,100.52745538908736)
(169,337,10.946967807789775)
(111,160,65.24482515631306)
(160,156,75.75822647348593)
(156,166,68.13823704160853)
(166,158,72.81959557709393)
(158,163,78.29825007338043)
(89,343,6.802444992034852)
(343,89,6.802444992034852)
(343,342,5.110499027490798)
(342,343,5.110499027490798)
(342,341,7.3018220364992406)
(341,342,7.3018220364992406)
(341,90,55.073372212914265)
(90,341,55.073372212914265)
(90,239,4.856237047687414)
(239,90,4.856237047687414)
(86,200,56.14445635890436)
(200,86,56.14445635890436)
(200,198,79.1345952825919)
(198,200,79.1345952825919)
(87,188,58.147185965732845)
(196,187,71.00957826477729)
(59,201,133.67460363538282)
(193,59,23.745453168884037)
(180,364,3.0684162958742847)
(364,199,78.31644635426132)
(199,88,60.5213113131182)
(186,351,19.49400129667781)
(351,180,59.065696813391895)
(192,190,60.53256063450958)
(190,192,60.53256063450958)
(190,197,78.6105704636289)
(197,190,78.6105704636289)
(188,196,81.00857039915562)
(199,188,44.10369837852028)
(188,199,44.10369837852028)
(188,200,46.01899409685114)
(200,188,46.01899409685114)
(200,197,21.0242094305677)
(197,200,21.0242094305677)
(85,396,18.156969562460624)
(396,184,31.1181376318033)
(184,220,79.67130467106651)
(191,192,589.7671903178712)
(192,191,589.7671903178712)
(91,181,36.98668170332421)
(219,183,36.79098004424739)
(183,209,37.61337335200604)
(209,84,44.15223591782299)
(153,33,1011.0480898453396)
(91,206,12.766714766927436)
(206,91,12.766714766927436)
(206,332,5.193644720800507)
(332,206,5.193644720800507)
(332,333,4.335237438535859)
(333,332,4.335237438535859)
(333,334,22.17267320489464)
(334,333,22.17267320489464)
(170,57,100.35349073249253)
(57,170,100.35349073249253)
(30,34,431.917938614724)
(34,30,431.917938614724)
(211,213,75.67616245669302)
(213,331,30.430647320617165)
(331,217,15.018003267817063)
(181,367,33.30446511494812)
(367,181,33.30446511494812)
(367,109,45.67416569034804)
(109,367,45.67416569034804)
(109,212,64.36210192648582)
(212,109,64.36210192648582)
(212,182,75.53027625054769)
(182,212,75.53027625054769)
(182,183,69.71266345598545)
(183,182,69.71266345598545)
(125,142,64.66007637537157)
(142,226,72.82430154936102)
(226,140,80.72223452533362)
(204,68,120.37305023878373)
(68,47,71.46955087388768)
(47,68,71.46955087388768)
(45,204,43.32927747672349)
(204,45,43.32927747672349)
(204,66,33.59000304898231)
(66,204,33.59000304898231)
(66,71,28.81905258510768)
(71,66,28.81905258510768)
(253,40,73.66194975756797)
(40,336,36.78840614705236)
(336,9,36.54614394711154)
(202,212,37.26118812168535)
(212,215,36.94349902684415)
(215,203,41.61920684371356)
(161,184,101.78154595947066)
(161,213,79.61785884116813)
(213,209,71.11865285451327)
(209,205,69.93952373941657)
(205,215,75.82438464077079)
(215,92,64.02155188147312)
(226,104,70.99020779240102)
(222,225,71.11351697004345)
(225,229,82.24251829135365)
(229,227,72.4804602968273)
(227,97,72.09433689860964)
(2,335,7.766844839100422)
(335,2,7.766844839100422)
(335,174,6.63669499165676)
(174,335,6.63669499165676)
(174,360,4.182778780810903)
(360,174,4.182778780810903)
(360,175,50.41189052340021)
(175,360,50.41189052340021)
(175,116,69.3117082423331)
(116,175,69.3117082423331)
(116,222,67.6390218451369)
(222,116,67.6390218451369)
(222,223,215.93858960714164)
(223,222,215.93858960714164)
(223,230,57.19627449820854)
(230,223,57.19627449820854)
(230,117,7.893536610080039)
(117,230,7.893536610080039)
(221,223,73.84628107399531)
(223,221,73.84628107399531)
(140,383,55.44571354448806)
(383,140,55.44571354448806)
(383,381,7.21109721144287)
(381,383,7.21109721144287)
(381,105,8.824092527576479)
(105,381,8.824092527576479)
(161,140,544.1538946732878)
(140,161,544.1538946732878)
(194,198,66.81859450024496)
(93,88,778.6544036983801)
(180,196,39.19747066633942)
(196,180,39.19747066633942)
(196,198,32.62075385347831)
(198,196,32.62075385347831)
(198,190,28.88828361003919)
(190,198,28.88828361003919)
(190,220,189.75555068872455)
(220,190,189.75555068872455)
(220,162,99.25384117563509)
(162,220,99.25384117563509)
(162,330,72.41174520793288)
(330,162,72.41174520793288)
(330,211,7.016500788793074)
(211,330,7.016500788793074)
(211,219,72.06593559197228)
(219,211,72.06593559197228)
(237,4,159.03033873778338)
(4,237,159.03033873778338)
(4,5,71.66839386156721)
(5,4,71.66839386156721)
(5,6,73.80529724895325)
(6,5,73.80529724895325)
(6,7,57.99685914672593)
(7,6,57.99685914672593)
(7,8,92.49405765909)
(8,7,92.49405765909)
(8,9,104.46959571479981)
(9,8,104.46959571479981)
(236,237,14.50543335562294)
(237,236,14.50543335562294)
(239,238,4.05802219290438)
(238,239,4.05802219290438)
(238,233,4.51858277533833)
(233,238,4.51858277533833)
(233,234,58.40716531257527)
(234,233,58.40716531257527)
(234,91,64.1379411093277)
(91,234,64.1379411093277)
(91,92,79.47586066799317)
(92,91,79.47586066799317)
(241,357,17.96121213610733)
(30,105,871.7432379689495)
(248,247,317.5809872661075)
(247,248,317.5809872661075)
(269,259,10.65430554393673)
(259,296,7.010071298953098)
(296,261,4.276593844779629)
(267,293,7.617361376165656)
(293,264,6.383180781745285)
(262,260,5.2256698313223)
(260,263,4.438031171111966)
(263,269,17.785622161970696)
(266,265,5.089278870668963)
(265,292,7.076652466016379)
(292,52,57.519068532226534)
(52,258,15.505506541299194)
(258,299,8.596308859923822)
(299,298,7.547186670734437)
(298,297,11.07025896882702)
(297,81,8.265783277259484)
(286,291,7.963490425575121)
(291,286,7.963490425575121)
(290,275,12.99287778501382)
(275,290,12.99287778501382)
(34,376,7.545991644732055)
(376,34,7.545991644732055)
(376,284,9.82051178387222)
(284,376,9.82051178387222)
(284,290,15.451612686118086)
(290,284,15.451612686118086)
(289,274,791.638793971404)
(274,289,791.638793971404)
(291,277,109.09477304833507)
(277,291,109.09477304833507)
(277,279,10.756657966108643)
(279,277,10.756657966108643)
(279,283,8.588962034575875)
(283,279,8.588962034575875)
(278,280,12.120612680211286)
(280,278,12.120612680211286)
(67,286,33.48135991339357)
(286,67,33.48135991339357)
(281,276,597.051854271258)
(276,281,597.051854271258)
(282,43,3.8598377803529416)
(43,282,3.8598377803529416)
(43,207,29.422021102323093)
(207,43,29.422021102323093)
(267,89,18.513567473279608)
(89,267,18.513567473279608)
(268,267,13.637662927924973)
(51,294,4.656196101516144)
(294,292,5.776501537202579)
(81,57,699.242291936325)
(273,236,30.861466013632576)
(236,273,30.861466013632576)
(315,310,4.129617196040752)
(310,306,13.686181007344576)
(306,273,17.64818505515719)
(273,303,11.561586577249846)
(303,307,11.004484359704279)
(307,311,6.947396469177913)
(311,317,4.7973827172893255)
(323,278,203.1597825784478)
(278,323,203.1597825784478)
(326,288,21.753849353494584)
(288,319,19.158488199818706)
(288,324,7.747080363942672)
(324,288,7.747080363942672)
(324,325,29.45969865481754)
(325,324,29.45969865481754)
(325,287,11.30523522559044)
(287,325,11.30523522559044)
(287,323,28.289719241249603)
(323,287,28.289719241249603)
(276,302,6.850664121059608)
(302,305,7.826991073396637)
(305,308,7.475146969135603)
(308,314,9.80120809623569)
(314,320,8.975583638226231)
(320,324,10.258868411448415)
(325,321,7.120482966316115)
(321,312,8.13491248027287)
(312,309,6.678686949483009)
(308,316,8.693846171644397)
(316,322,7.569856320517412)
(322,325,6.166153506851827)
(323,318,19.457419768606886)
(318,313,9.790160328573231)
(313,309,8.88570941108465)
(309,304,13.10036588386536)
(304,276,11.736933411961463)
(88,231,677.8390004801067)
(231,88,677.8390004801067)
(59,185,1113.744333105838)
(185,59,1113.744333105838)
(181,214,35.94626623096477)
(214,181,35.94626623096477)
(3,338,8.33531790524748)
(338,2,7.174737452831118)
(340,339,6.161764264269152)
(339,3,8.75431953826978)
(107,100,8.606793445915878)
(100,107,8.606793445915878)
(100,385,13.92655991573561)
(385,100,13.92655991573561)
(385,388,4.917138466764546)
(388,385,4.917138466764546)
(388,344,9.009180454129618)
(344,388,9.009180454129618)
(344,345,28.74604723011618)
(345,344,28.74604723011618)
(345,346,17.87615541009991)
(346,345,17.87615541009991)
(346,347,16.809091011904606)
(347,346,16.809091011904606)
(347,350,11.229999550073305)
(350,347,11.229999550073305)
(350,152,12.923630196350416)
(152,350,12.923630196350416)
(355,354,6.278478833470959)
(354,353,7.992880270116119)
(353,153,59.424027356755396)
(153,348,68.50242852851723)
(348,129,3.8033493025945244)
(129,349,24.000444705545604)
(349,99,51.31666584208585)
(201,362,28.671912398500755)
(362,201,28.671912398500755)
(362,371,13.363111530308538)
(371,362,13.363111530308538)
(371,370,43.74459911176514)
(370,371,43.74459911176514)
(370,394,36.903442859670214)
(394,370,36.903442859670214)
(394,395,10.84516413419731)
(395,394,10.84516413419731)
(395,390,6.090365911171853)
(390,395,6.090365911171853)
(94,155,15.173033853641245)
(155,133,71.37314376366218)
(133,126,70.20265733533576)
(126,251,72.6771579323532)
(108,389,11.401350319674677)
(389,149,62.3570815440878)
(149,18,72.75597318255848)
(18,147,80.74446394726779)
(147,79,52.47309484974287)
(79,195,53.43236495078798)
(195,272,7.734847664282574)
(272,150,6.207696527344894)
(108,246,27.525958266137458)
(246,243,17.82765843159632)
(243,241,16.56018181135849)
(363,364,16.50672653955898)
(364,363,16.50672653955898)
(369,368,25.73308908818807)
(368,369,25.73308908818807)
(368,69,5.60857161062184)
(69,368,5.60857161062184)
(366,365,6.736500516785716)
(365,366,6.736500516785716)
(365,197,6.786517294099616)
(197,365,6.786517294099616)
(149,370,72.70767719641796)
(370,149,72.70767719641796)
(371,392,3.3060950940066247)
(392,371,3.3060950940066247)
(392,374,6.789838645687915)
(374,392,6.789838645687915)
(374,375,21.93981570821257)
(375,374,21.93981570821257)
(375,372,40.97917387845176)
(372,375,40.97917387845176)
(372,393,50.16369062606899)
(393,372,50.16369062606899)
(393,373,2.680977640229232)
(373,393,2.680977640229232)
(275,289,19.41566062236025)
(289,275,19.41566062236025)
(289,281,12.267050434873223)
(281,289,12.267050434873223)
(1,95,8.82971183041846)
(95,1,8.82971183041846)
(95,378,11.358159479079868)
(378,95,11.358159479079868)
(378,379,4.7860903139068425)
(379,378,4.7860903139068425)
(379,127,56.42972972094335)
(127,379,56.42972972094335)
(127,138,71.219709943429)
(138,127,71.219709943429)
(138,139,84.19035081948897)
(139,138,84.19035081948897)
(139,359,11.47389076303845)
(359,139,11.47389076303845)
(359,3,49.23379510357962)
(3,359,49.23379510357962)
(102,96,9.050627447183565)
(96,380,9.619172469541404)
(380,113,61.92889645161999)
(113,114,71.6992167330333)
(114,115,83.63509042906126)
(115,116,70.62594795432405)
(103,142,71.18766598974878)
(142,14,74.79844605019413)
(14,143,79.43227505585237)
(143,75,50.870899391498675)
(75,122,75.54555799829619)
(122,165,57.096300592408355)
(165,166,26.535057170630747)
(166,55,60.335805742203284)
(98,224,74.16257539046627)
(224,228,71.8447230190408)
(228,221,79.80029881261513)
(105,124,7.747662391693311)
(124,105,7.747662391693311)
(124,382,11.458160167811736)
(382,124,11.458160167811736)
(382,384,9.905547363367239)
(384,382,9.905547363367239)
(384,128,54.035976549027964)
(128,384,54.035976549027964)
(128,141,72.65121889101452)
(141,128,72.65121889101452)
(141,240,77.2090210667509)
(240,141,77.2090210667509)
(240,118,72.53450274598411)
(118,240,72.53450274598411)
(105,108,338.06687397814704)
(13,327,1022.1006668722941)
(327,13,1022.1006668722941)
(9,10,101.4537549659546)
(10,9,101.4537549659546)
(10,11,33.68196708682258)
(11,10,33.68196708682258)
(11,12,108.73051956467384)
(12,11,108.73051956467384)
(12,232,61.066916204987585)
(232,12,61.066916204987585)
(232,13,5.650223957124009)
(13,232,5.650223957124009)
(9,82,79.41864964656011)
(82,72,50.37887382140054)
(72,83,75.77631861585105)
(83,25,101.64628891502339)
(25,51,38.98337609048435)
(51,295,7.034472097234577)
(295,270,4.197844150635053)
(63,64,18.211028208522198)
(64,63,18.211028208522198)
(219,218,69.65041115402622)
(218,397,6.440846470364805)
(397,218,6.440846470364805)
(397,235,63.61811228772584)
(235,397,63.61811228772584)
(235,202,5.150926648917892)
(202,235,5.150926648917892)
(202,110,64.58527528729978)
(110,202,64.58527528729978)