1683
(1,860,11.499014955186272)
(860,722,39.248169485071045)
(722,0,21.287015589949082)
(6,7,130.34529965927467)
(7,6,130.34529965927467)
(7,8,23.841536442183777)
(8,7,23.841536442183777)
(8,9,27.62929583759887)
(9,8,27.62929583759887)
(9,10,37.15138620256903)
(10,9,37.15138620256903)
(38,37,49.78997657719581)
(37,15,73.73402526831181)
(15,36,78.80821763026405)
(36,35,59.43669821862575)
(35,34,129.39084651867915)
(34,319,60.17221366332047)
(319,33,25.016410348217207)
(608,609,10.92965382037915)
(609,217,74.96963890942732)
(217,39,12.27807303610412)
(39,446,23.712768427763606)
(446,617,15.947352184379907)
(617,40,20.443760708887897)
(40,41,18.106734462542292)
(41,618,14.065738766393313)
(618,42,53.55088657378026)
(42,43,86.79841336534275)
(43,44,55.99680573046886)
(44,45,58.856531475742926)
(45,16,29.10087699876066)
(16,46,82.8943065844231)
(46,38,54.87487467723082)
(38,851,13.182715773186235)
(851,852,6.58485567583301)
(852,47,6.59306792887982)
(61,62,28.41615419291666)
(62,63,57.036801352487785)
(63,64,133.412210466965)
(64,65,54.06092169320363)
(65,407,37.056959171934814)
(407,45,15.88843040315517)
(0,898,99.11008476090868)
(898,66,2.5587764298667057)
(66,67,105.12430713631642)
(67,46,127.92556874382154)
(46,37,22.054813965059264)
(37,68,76.37780361139853)
(68,570,70.20278579716846)
(570,558,9.921467206389346)
(558,13,63.563937701853966)
(13,70,75.0428619736909)
(70,71,69.09420800254651)
(71,72,122.83173150599968)
(72,73,60.619132801434766)
(73,74,21.104698277941452)
(547,623,39.05248515568894)
(623,547,39.05248515568894)
(623,622,26.0135047963471)
(622,623,26.0135047963471)
(622,621,19.024569749613693)
(621,622,19.024569749613693)
(621,620,23.368748222760782)
(620,621,23.368748222760782)
(620,619,14.501080637338704)
(619,620,14.501080637338704)
(619,74,17.655082320352943)
(74,619,17.655082320352943)
(74,75,20.24717406183627)
(75,74,20.24717406183627)
(75,611,15.072250899302977)
(611,75,15.072250899302977)
(611,443,15.427956656981804)
(443,611,15.427956656981804)
(443,76,25.909291955317652)
(76,443,25.909291955317652)
(76,33,71.99168900367977)
(33,76,71.99168900367977)
(33,61,68.67349207485265)
(61,33,68.67349207485265)
(61,77,68.10672949781474)
(77,61,68.10672949781474)
(77,481,69.40539151271783)
(481,77,69.40539151271783)
(76,93,83.38952454040891)
(93,94,126.95452329337238)
(94,95,64.41518523657474)
(95,14,76.54829190099937)
(14,68,71.20109327507483)
(68,96,36.014692642258716)
(97,98,35.943255487794225)
(98,97,35.943255487794225)
(98,759,46.98440924522364)
(759,98,46.98440924522364)
(759,48,7.680440088581414)
(48,759,7.680440088581414)
(99,100,106.52396621241915)
(100,99,106.52396621241915)
(100,782,9.40681928797266)
(782,445,4.947308047851629)
(445,444,6.80111910858165)
(444,101,27.499899228829257)
(101,72,37.74250490417652)
(72,93,76.12766368572318)
(93,34,71.90670605383333)
(34,63,68.35205039603218)
(63,102,48.9129270368109)
(102,411,3.9097490472368768)
(411,103,42.44823133851863)
(103,421,10.091801399679497)
(421,77,50.63715111172857)
(41,103,52.21224049898467)
(103,62,74.4374959673096)
(62,401,6.79780326853834)
(401,319,62.21526043770409)
(117,116,68.42866460481966)
(116,115,113.61271530006441)
(115,114,97.44196750714842)
(114,113,96.29376880415006)
(113,112,79.65494635602363)
(112,111,72.61378332710325)
(111,110,67.1562410821011)
(110,109,76.10538923771382)
(109,108,66.08656741338292)
(108,107,103.70841163928596)
(107,106,39.25299452882954)
(106,105,101.52280011946311)
(105,43,133.7098495026169)
(43,64,48.53181206718641)
(64,35,68.52862194494537)
(35,94,74.18519004685602)
(94,71,73.71310738013072)
(763,145,54.26206443638137)
(145,763,54.26206443638137)
(146,350,8.877078316856338)
(350,594,25.616472750155882)
(594,147,187.5935024203517)
(147,10,25.20066734454248)
(143,144,40.09754467517698)
(143,167,36.64705557962943)
(167,168,37.326720950647434)
(168,81,49.18046247040025)
(81,169,58.39589264486545)
(169,170,25.047033949287613)
(170,166,54.99651894062223)
(166,108,76.77721335176948)
(108,171,50.67284715892189)
(171,21,79.6992022829244)
(21,613,11.675687776034602)
(613,614,47.97006732134609)
(614,873,72.13566770745707)
(873,867,3.878484448209697)
(867,159,9.78186631447491)
(176,801,5.46276369914027)
(801,758,5.47183600865791)
(758,177,4.2797558369637585)
(177,178,5.156176448122118)
(178,797,5.150926648917892)
(797,179,5.152677176291765)
(179,798,3.938476465486278)
(798,180,3.938476465486278)
(180,181,4.6153429541386375)
(181,799,4.619249296737329)
(799,182,4.609477233123129)
(182,757,6.52431664525451)
(757,183,6.511864327720205)
(183,756,5.554443689803385)
(756,184,5.542253075158591)
(184,185,5.8694270965774855)
(185,186,5.8694270965774855)
(186,754,4.736845494491885)
(754,800,4.7339888178860035)
(800,187,4.73589346041645)
(187,755,5.27206005094047)
(755,188,5.266069557916316)
(188,189,4.86087750459685)
(189,176,5.472660018301713)
(693,3,10.279944691315608)
(3,765,177.15196666073498)
(765,180,283.69233897547974)
(179,767,283.67868515859914)
(767,190,176.69455735947193)
(190,692,10.425853293514733)
(60,191,37.02567355106893)
(191,60,37.02567355106893)
(191,410,21.370734834225157)
(410,191,21.370734834225157)
(410,432,27.938467815026407)
(432,410,27.938467815026407)
(432,192,32.526898513756976)
(192,432,32.526898513756976)
(192,193,53.39842918461641)
(193,192,53.39842918461641)
(193,194,37.03882403505531)
(194,193,37.03882403505531)
(194,195,32.19134808154651)
(195,194,32.19134808154651)
(195,196,49.832885478036)
(196,195,49.832885478036)
(196,197,92.96942664141216)
(197,196,92.96942664141216)
(197,198,44.32358082298598)
(198,197,44.32358082298598)
(198,435,37.120544590874964)
(435,198,37.120544590874964)
(435,199,36.100480441727186)
(199,435,36.100480441727186)
(199,910,60.055496942408446)
(910,199,60.055496942408446)
(910,911,76.58392198742352)
(911,910,76.58392198742352)
(911,200,60.45996199407303)
(200,911,60.45996199407303)
(200,537,12.987670983752773)
(537,200,12.987670983752773)
(537,438,36.16013646426049)
(438,537,36.16013646426049)
(438,201,28.59222385945622)
(201,438,28.59222385945622)
(201,442,45.98821641921267)
(442,201,45.98821641921267)
(442,202,5.098131336692435)
(202,442,5.098131336692435)
(202,203,56.38176455393159)
(203,202,56.38176455393159)
(203,539,20.989650415536968)
(539,203,20.989650415536968)
(539,351,4.807710786761923)
(351,539,4.807710786761923)
(351,204,13.907767815532148)
(204,351,13.907767815532148)
(22,224,78.65082761515497)
(224,109,51.24896143375182)
(109,206,76.38459266817333)
(206,311,55.81056203852228)
(311,251,25.829459848028982)
(251,82,58.44606247188978)
(313,308,42.34719461793411)
(308,279,37.294331656357414)
(279,321,37.10912426772545)
(321,606,3.5252395997856545)
(606,605,36.35489288886981)
(605,83,6.25473342704075)
(83,247,59.50713537984775)
(247,248,25.86574601780675)
(248,207,56.28194618600771)
(207,110,76.2917960031344)
(110,221,50.920159257132156)
(221,23,79.69060203219075)
(23,612,58.186256919921085)
(612,212,15.894105450806643)
(333,335,24.159987531792776)
(335,333,24.159987531792776)
(85,249,60.65363785796051)
(249,250,25.90650720767898)
(250,209,58.692734446628485)
(209,112,75.04346285257067)
(112,223,50.11269740577972)
(223,25,79.4835764625334)
(205,679,17.27712469304619)
(679,252,29.99213771124435)
(49,258,124.41511852796714)
(258,259,79.99697938662521)
(259,213,104.12541084225734)
(213,214,102.65424256704628)
(214,260,71.9638737784546)
(260,172,68.89153513518704)
(172,332,67.63888851412595)
(332,331,76.11747511944691)
(331,339,62.03598356403499)
(339,328,76.9157517175623)
(328,215,78.45151944329008)
(215,216,89.55123357352693)
(20,218,79.65777675465624)
(218,107,50.28884036631143)
(107,118,77.06556853378837)
(118,261,54.09110744251297)
(261,80,82.92073921562101)
(42,122,95.58146530064235)
(122,42,95.58146530064235)
(122,616,26.35243033358522)
(616,122,26.35243033358522)
(616,615,6.760554751089183)
(615,616,6.760554751089183)
(615,219,5.297656867795987)
(219,615,5.297656867795987)
(219,217,97.35219777542034)
(217,219,97.35219777542034)
(233,17,78.61188975678836)
(17,67,74.19740638804713)
(67,431,73.91988489580284)
(70,95,73.30050914678965)
(95,36,73.17084086836566)
(36,65,70.10277133992909)
(65,44,24.65986024888617)
(44,233,54.08218688938422)
(233,121,104.55618727723389)
(121,120,100.7521086407355)
(120,218,36.90356504820662)
(218,171,105.93930500754445)
(171,224,66.6826784854882)
(224,221,75.9565281041643)
(221,232,65.9891975741059)
(232,223,73.43627319732131)
(223,228,79.31808996880739)
(228,234,95.79893677817286)
(234,235,95.49117428687018)
(235,236,109.33687955008563)
(236,237,66.80826865243856)
(238,157,148.54624213955213)
(157,238,148.54624213955213)
(157,165,10.033097676432629)
(165,157,10.033097676432629)
(88,678,5.978277460192555)
(678,89,52.076647869615535)
(89,115,76.87159442513287)
(115,235,52.89598709380936)
(235,28,77.87033993010829)
(28,241,73.53708862519733)
(241,892,59.76482047999162)
(892,887,3.6149161159374956)
(887,164,9.790160328573231)
(118,166,101.64770847414687)
(166,206,65.60466538953533)
(206,207,76.47073177158263)
(207,208,67.2942829837648)
(208,209,72.87790340568715)
(209,210,79.86248754110566)
(210,225,96.36131702509688)
(225,89,100.69337264068665)
(89,90,117.74561904567076)
(90,91,61.74374926737534)
(91,490,8.618311758497823)
(490,240,14.079196660174789)
(240,294,62.30318557539962)
(294,290,19.691924359733935)
(29,236,80.06481642265132)
(236,29,80.06481642265132)
(236,116,53.03433135547095)
(116,236,53.03433135547095)
(116,90,76.26566735906275)
(90,116,76.26566735906275)
(145,902,27.21707063972202)
(902,764,67.47596162775365)
(764,227,8.401057418850275)
(227,768,7.5983949941004765)
(768,266,63.28909192499142)
(266,174,68.64873333253821)
(174,329,67.64182173565678)
(329,338,75.87206362759946)
(338,335,59.66801669500794)
(335,324,80.10884591820282)
(324,390,77.74707561870046)
(390,243,73.04069545197183)
(243,749,4.595761436243342)
(749,748,5.771815986989454)
(163,245,71.10039024648286)
(245,27,75.48943015560072)
(27,234,78.24651729021845)
(234,114,52.13177490935599)
(114,225,76.44867524816395)
(225,262,57.51326703826498)
(262,222,56.400315922149666)
(239,241,164.43546468838764)
(241,245,91.28255680545355)
(245,229,91.50290278772849)
(238,417,8.77592628328139)
(417,238,8.77592628328139)
(417,487,131.40267085789023)
(487,417,131.40267085789023)
(487,244,86.89114668393209)
(244,487,86.89114668393209)
(268,266,69.34019718496526)
(266,268,69.34019718496526)
(266,263,84.2422338966816)
(263,266,84.2422338966816)
(263,260,71.58120029636731)
(260,263,71.58120029636731)
(429,259,73.56553491463778)
(259,264,68.42365631459747)
(264,269,40.640625059715596)
(269,436,14.785001759963164)
(436,270,41.3868105111543)
(270,271,35.62039514690783)
(271,441,8.777467586975611)
(441,271,8.777467586975611)
(441,272,7.974807029871152)
(272,441,7.974807029871152)
(272,686,30.27912744240676)
(686,272,30.27912744240676)
(686,273,14.455297963739769)
(273,686,14.455297963739769)
(273,440,15.147752138537124)
(440,273,15.147752138537124)
(440,274,16.885104613355697)
(274,440,16.885104613355697)
(274,437,25.758484771239573)
(437,274,25.758484771239573)
(437,275,19.89535849496289)
(275,437,19.89535849496289)
(275,265,86.83819801429598)
(265,275,86.83819801429598)
(265,258,67.57839579028783)
(258,265,67.57839579028783)
(258,434,73.82521175530307)
(434,258,73.82521175530307)
(270,276,80.12150976896147)
(276,246,10.666994784462238)
(262,255,99.065123789781)
(255,250,78.78910476955475)
(250,256,72.16479138851489)
(256,248,67.95799717469605)
(248,311,75.92422649069394)
(311,170,65.48131170779574)
(170,261,100.52745538908736)
(261,690,10.946967807789775)
(169,251,65.24482515631306)
(251,247,75.75822647348593)
(247,257,68.13823704160853)
(257,249,72.81959557709393)
(249,254,78.29825007338043)
(394,391,3.8057197293142626)
(391,394,3.8057197293142626)
(391,395,3.1809764925355957)
(395,391,3.1809764925355957)
(395,392,4.456282233058357)
(392,395,4.456282233058357)
(392,393,3.659546400181979)
(393,392,3.659546400181979)
(393,356,5.181475494690676)
(356,393,5.181475494690676)
(356,361,30.59026211470619)
(361,356,30.59026211470619)
(361,358,35.31476162012099)
(358,361,35.31476162012099)
(358,363,27.212762751703938)
(363,358,27.212762751703938)
(363,366,6.892660922824486)
(366,363,6.892660922824486)
(140,708,6.802444992034852)
(708,140,6.802444992034852)
(708,707,5.110499027490798)
(707,708,5.110499027490798)
(707,706,7.3018220364992406)
(706,707,7.3018220364992406)
(706,141,55.073372212914265)
(141,706,55.073372212914265)
(141,389,4.856237047687414)
(389,141,4.856237047687414)
(125,303,56.14445635890436)
(303,125,56.14445635890436)
(303,299,79.1345952825919)
(299,303,79.1345952825919)
(126,289,58.147185965732845)
(297,287,71.00957826477729)
(92,304,133.67460363538282)
(294,92,23.745453168884037)
(277,808,3.0684162958742847)
(808,302,78.31644635426132)
(302,127,60.5213113131182)
(286,721,19.49400129667781)
(721,277,59.065696813391895)
(293,291,60.53256063450958)
(291,293,60.53256063450958)
(291,298,78.6105704636289)
(298,291,78.6105704636289)
(289,297,81.00857039915562)
(302,289,44.10369837852028)
(289,302,44.10369837852028)
(289,303,46.01899409685114)
(303,289,46.01899409685114)
(303,298,21.0242094305677)
(298,303,21.0242094305677)
(124,923,18.156969562460624)
(923,281,31.1181376318033)
(281,323,79.67130467106651)
(292,345,52.60243689327855)
(345,292,52.60243689327855)
(345,921,22.641958319174357)
(921,345,22.641958319174357)
(921,920,19.6928402844936)
(920,921,19.6928402844936)
(920,380,31.904316572381408)
(380,920,31.904316572381408)
(380,802,30.171714105716323)
(802,380,30.171714105716323)
(802,285,86.56447857881979)
(285,802,86.56447857881979)
(285,488,24.950894138314162)
(488,285,24.950894138314162)
(488,300,43.6095622900775)
(300,488,43.6095622900775)
(300,288,66.06302335451686)
(288,300,66.06302335451686)
(288,720,87.49177518144197)
(720,288,87.49177518144197)
(720,286,23.741085141151203)
(286,720,23.741085141151203)
(286,287,35.37982132692467)
(287,286,35.37982132692467)
(287,295,23.68765420282752)
(295,287,23.68765420282752)
(295,293,41.27694980762793)
(293,295,41.27694980762793)
(142,278,36.98668170332421)
(322,280,36.79098004424739)
(280,312,37.61337335200604)
(312,123,44.15223591782299)
(244,230,88.42892938038993)
(230,336,78.75166675207151)
(336,325,77.82562340887385)
(325,334,60.731499548839075)
(334,337,76.20403451195182)
(337,173,67.64322163745679)
(173,263,69.25593228125932)
(263,226,71.47800475483209)
(226,220,102.84439758882176)
(220,264,103.72310665370526)
(264,265,79.63111040978936)
(265,51,134.57141109507984)
(142,309,12.766714766927436)
(309,142,12.766714766927436)
(309,682,5.193644720800507)
(682,309,5.193644720800507)
(682,683,4.335237438535859)
(683,682,4.335237438535859)
(683,684,22.17267320489464)
(684,683,22.17267320489464)
(262,88,100.35349073249253)
(88,262,100.35349073249253)
(47,149,10.317598688646875)
(149,47,10.317598688646875)
(149,850,16.97034579174096)
(850,149,16.97034579174096)
(850,48,24.810438959033647)
(48,850,24.810438959033647)
(48,49,41.826709758522526)
(49,48,41.826709758522526)
(49,416,17.214896617004158)
(416,49,17.214896617004158)
(416,50,17.95066488592531)
(50,416,17.95066488592531)
(50,849,10.059579157744738)
(849,50,10.059579157744738)
(849,848,16.467068875857223)
(848,849,16.467068875857223)
(848,51,6.583485971049428)
(51,848,6.583485971049428)
(51,844,9.419752922128039)
(844,51,9.419752922128039)
(844,843,9.427887218702667)
(843,844,9.427887218702667)
(843,52,13.838862348940399)
(52,843,13.838862348940399)
(52,842,6.612872103158689)
(842,52,6.612872103158689)
(842,841,4.191394194225141)
(841,842,4.191394194225141)
(841,53,3.603672181651595)
(53,841,3.603672181651595)
(53,840,4.644560441258216)
(840,53,4.644560441258216)
(840,839,3.2092022141834184)
(839,840,3.2092022141834184)
(839,838,6.41980935438329)
(838,839,6.41980935438329)
(838,6,8.691252464682638)
(6,838,8.691252464682638)
(6,847,4.930874796162175)
(847,6,4.930874796162175)
(847,846,4.923553522939005)
(846,847,4.923553522939005)
(846,845,4.303920601068218)
(845,846,4.303920601068218)
(845,54,6.5381247382564345)
(54,845,6.5381247382564345)
(54,55,18.159452838531493)
(55,54,18.159452838531493)
(55,426,16.24874789348929)
(426,55,16.24874789348929)
(426,835,15.919901374574708)
(835,426,15.919901374574708)
(835,56,16.33786165120798)
(56,835,16.33786165120798)
(56,403,11.790979438760829)
(403,56,11.790979438760829)
(403,836,9.747231957012199)
(836,403,9.747231957012199)
(836,57,8.06029400488257)
(57,836,8.06029400488257)
(57,837,6.732483122222996)
(837,57,6.732483122222996)
(837,58,6.727793129928121)
(58,837,6.727793129928121)
(58,829,22.660670849135787)
(829,58,22.660670849135787)
(829,830,9.204269136794585)
(830,829,9.204269136794585)
(830,831,4.09892959419865)
(831,830,4.09892959419865)
(831,832,3.929306542763877)
(832,831,3.929306542763877)
(832,833,4.594780169778385)
(833,832,4.594780169778385)
(833,834,12.947682611218227)
(834,833,12.947682611218227)
(834,59,9.153177581265396)
(59,834,9.153177581265396)
(59,828,14.10927019379526)
(828,59,14.10927019379526)
(828,827,9.171878646414013)
(827,828,9.171878646414013)
(827,60,4.9327034165833386)
(60,827,4.9327034165833386)
(314,316,75.67616245669302)
(316,681,30.430647320617165)
(681,320,15.018003267817063)
(278,814,33.30446511494812)
(814,278,33.30446511494812)
(814,167,45.67416569034804)
(167,814,45.67416569034804)
(167,315,64.36210192648582)
(315,167,64.36210192648582)
(315,279,75.53027625054769)
(279,315,75.53027625054769)
(279,280,69.71266345598545)
(280,279,69.71266345598545)
(212,231,64.66007637537157)
(231,330,72.82430154936102)
(330,229,80.72223452533362)
(307,101,120.37305023878373)
(101,73,71.46955087388768)
(73,101,71.46955087388768)
(71,307,43.32927747672349)
(307,71,43.32927747672349)
(307,99,33.59000304898231)
(99,307,33.59000304898231)
(99,104,28.81905258510768)
(104,99,28.81905258510768)
(433,66,73.66194975756797)
(66,689,36.78840614705236)
(689,18,36.54614394711154)
(10,11,26.710865343373275)
(11,901,180.1758009630046)
(901,348,31.056491790057425)
(348,349,8.952947837696755)
(305,315,37.26118812168535)
(315,318,36.94349902684415)
(318,306,41.61920684371356)
(252,281,101.78154595947066)
(252,316,79.61785884116813)
(316,312,71.11865285451327)
(312,308,69.93952373941657)
(308,318,75.82438464077079)
(318,143,64.02155188147312)
(330,161,70.99020779240102)
(152,331,72.47691410190143)
(331,334,72.87586156327525)
(334,338,81.09330093195598)
(326,329,71.11351697004345)
(329,337,82.24251829135365)
(337,332,72.4804602968273)
(332,151,72.09433689860964)
(2,685,7.766844839100422)
(685,2,7.766844839100422)
(685,267,6.63669499165676)
(267,685,6.63669499165676)
(267,769,4.182778780810903)
(769,267,4.182778780810903)
(769,268,50.41189052340021)
(268,769,50.41189052340021)
(268,175,69.3117082423331)
(175,268,69.3117082423331)
(175,326,67.6390218451369)
(326,175,67.6390218451369)
(326,327,215.93858960714164)
(327,326,215.93858960714164)
(327,340,57.19627449820854)
(340,327,57.19627449820854)
(340,182,7.893536610080039)
(182,340,7.893536610080039)
(324,327,73.84628107399531)
(327,324,73.84628107399531)
(229,881,55.44571354448806)
(881,229,55.44571354448806)
(881,876,7.21109721144287)
(876,881,7.21109721144287)
(876,162,8.824092527576479)
(162,876,8.824092527576479)
(252,253,78.06651108379741)
(253,252,78.06651108379741)
(253,86,49.97023511933702)
(86,253,49.97023511933702)
(86,377,7.844830064538494)
(377,86,7.844830064538494)
(377,254,43.41536015330082)
(254,377,43.41536015330082)
(254,255,25.828936116884936)
(255,254,25.828936116884936)
(255,210,58.44266771953548)
(210,255,58.44266771953548)
(210,113,75.3981033941848)
(113,210,75.3981033941848)
(113,228,51.75833195038082)
(228,113,51.75833195038082)
(228,26,78.0073415880653)
(26,228,78.0073415880653)
(26,229,75.44844241738888)
(229,26,75.44844241738888)
(295,299,66.81859450024496)
(144,306,64.76550216814383)
(306,313,76.2291195337746)
(313,123,70.19218690558144)
(123,320,70.47338273848726)
(320,205,80.09077535826906)
(205,124,102.32664722329143)
(124,365,131.05957989176878)
(365,125,80.51886954279877)
(125,126,54.490772632718695)
(126,127,48.517408578080556)
(365,367,32.83170277120749)
(367,365,32.83170277120749)
(367,811,17.906399321996027)
(811,367,17.906399321996027)
(811,812,2.5658157180773022)
(812,811,2.5658157180773022)
(812,813,7.7709077556338535)
(813,812,7.7709077556338535)
(368,357,39.97974329172737)
(357,368,39.97974329172737)
(277,297,39.19747066633942)
(297,277,39.19747066633942)
(297,299,32.62075385347831)
(299,297,32.62075385347831)
(299,291,28.88828361003919)
(291,299,28.88828361003919)
(291,323,189.75555068872455)
(323,291,189.75555068872455)
(323,253,99.25384117563509)
(253,323,99.25384117563509)
(253,680,72.41174520793288)
(680,253,72.41174520793288)
(680,314,7.016500788793074)
(314,680,7.016500788793074)
(314,322,72.06593559197228)
(322,314,72.06593559197228)
(383,13,159.03033873778338)
(13,383,159.03033873778338)
(13,14,71.66839386156721)
(14,13,71.66839386156721)
(14,15,73.80529724895325)
(15,14,73.80529724895325)
(15,16,57.99685914672593)
(16,15,57.99685914672593)
(16,17,92.49405765909)
(17,16,92.49405765909)
(17,18,104.46959571479981)
(18,17,104.46959571479981)
(382,383,14.50543335562294)
(383,382,14.50543335562294)
(389,388,4.05802219290438)
(388,389,4.05802219290438)
(388,360,4.51858277533833)
(360,388,4.51858277533833)
(360,362,58.40716531257527)
(362,360,58.40716531257527)
(362,142,64.1379411093277)
(142,362,64.1379411093277)
(142,143,79.47586066799317)
(143,142,79.47586066799317)
(366,688,2.3145003655289975)
(688,366,2.3145003655289975)
(688,687,2.997048012910906)
(687,688,2.997048012910906)
(687,396,39.0786868623709)
(396,687,39.0786868623709)
(597,370,39.17169375579033)
(158,420,36.26809060511026)
(420,428,14.512270703801663)
(428,424,17.28208282280378)
(400,761,17.96121213610733)
(47,422,7.148923299062126)
(422,853,8.420357895282097)
(853,674,88.901131147739)
(674,673,30.788763445208502)
(673,431,26.830119894345785)
(431,433,104.75046601096254)
(433,862,81.42281338004734)
(862,856,5.70581428761514)
(856,1,15.183134752514658)
(1,858,15.410702864036228)
(858,872,106.19264011191893)
(872,865,4.602624443811483)
(865,159,16.02914124561128)
(159,868,15.473192753985588)
(868,364,44.784478060979616)
(364,381,83.15104268975217)
(381,160,61.59553828849371)
(160,161,76.20681556987914)
(161,880,59.22069643981205)
(880,874,5.499783077078588)
(874,162,14.540828416755245)
(417,408,14.346960761991129)
(408,417,14.346960761991129)
(408,745,42.21751477476381)
(745,408,42.21751477476381)
(745,397,10.197147113051955)
(397,745,10.197147113051955)
(397,423,12.817826244322305)
(423,397,12.817826244322305)
(423,413,6.274168171216495)
(413,423,6.274168171216495)
(413,404,5.948030479085906)
(404,413,5.948030479085906)
(404,427,8.47905937086456)
(427,404,8.47905937086456)
(427,418,10.401171558643915)
(418,427,10.401171558643915)
(418,409,19.780343634149933)
(409,418,19.780343634149933)
(409,402,59.25746163698024)
(402,409,59.25746163698024)
(402,425,187.30447520412156)
(425,402,187.30447520412156)
(425,415,5.266069557916316)
(415,425,5.266069557916316)
(424,398,20.187177016287155)
(398,157,22.04417981643199)
(157,895,16.91392153799431)
(895,419,12.41902445465037)
(419,891,105.90086287242816)
(891,889,5.173637305573799)
(889,156,16.997426571663294)
(156,885,15.329144001795337)
(885,155,74.65356270465833)
(155,883,68.78607444202093)
(883,879,4.563268232293557)
(879,211,16.164722709771084)
(211,875,14.527177384251699)
(875,154,64.42526472108236)
(154,153,76.44448732845197)
(153,152,62.11661329918243)
(152,151,75.48775762234348)
(151,871,46.79602253138736)
(871,869,4.77288207575401)
(869,150,16.072965962581787)
(150,866,15.752188409408717)
(866,863,104.86981018697254)
(863,859,4.918055415670748)
(859,148,16.38608977553069)
(148,857,15.028508412737164)
(857,430,87.37934926059303)
(430,429,104.09838480984425)
(429,434,80.50464388096438)
(434,855,60.8928486044504)
(855,854,5.073305506129846)
(854,399,9.099817352272431)
(399,149,11.308425640561698)
(481,463,10.65430554393673)
(463,603,7.010071298953098)
(603,472,4.276593844779629)
(479,599,7.617361376165656)
(599,475,6.383180781745285)
(478,484,6.880875230094029)
(484,473,5.762433456829989)
(473,464,4.8941589108360555)
(464,476,4.3972020495822175)
(476,472,7.157748355432198)
(472,462,7.810266098227373)
(462,465,7.882675382095278)
(465,483,6.617643541672814)
(483,470,5.4371148373184415)
(470,469,5.098131336692435)
(469,480,6.823624089762651)
(480,468,4.251213241729962)
(468,475,7.265916293000101)
(475,467,8.411249300193294)
(467,482,8.520968200046065)
(482,478,5.385450658698458)
(473,466,5.2256698313223)
(466,474,4.438031171111966)
(474,481,17.785622161970696)
(478,477,5.089278870668963)
(477,598,7.076652466016379)
(598,79,57.519068532226534)
(79,447,15.505506541299194)
(447,610,8.596308859923822)
(610,608,7.547186670734437)
(608,607,11.07025896882702)
(607,119,8.265783277259484)
(571,592,7.963490425575121)
(592,571,7.963490425575121)
(591,502,57.119593490930555)
(502,591,57.119593490930555)
(502,516,69.554983390932)
(516,502,69.554983390932)
(516,536,6.717732120665145)
(536,516,6.717732120665145)
(588,513,12.99287778501382)
(513,588,12.99287778501382)
(60,826,7.545991644732055)
(826,60,7.545991644732055)
(826,566,9.82051178387222)
(566,826,9.82051178387222)
(566,588,15.451612686118086)
(588,566,15.451612686118086)
(581,824,8.308225205656134)
(824,581,8.308225205656134)
(824,775,8.308225205656134)
(775,824,8.308225205656134)
(775,914,16.900853281715122)
(914,775,16.900853281715122)
(914,533,5.028668834282901)
(533,914,5.028668834282901)
(533,913,43.619694215100694)
(913,533,43.619694215100694)
(913,529,39.82854873388378)
(529,913,39.82854873388378)
(529,507,83.37038023182336)
(507,529,83.37038023182336)
(507,549,23.833024005813883)
(549,507,23.833024005813883)
(549,573,64.21157794190722)
(573,549,64.21157794190722)
(573,569,10.92924124827775)
(569,573,10.92924124827775)
(569,492,66.454674596)
(492,569,66.454674596)
(492,531,34.22698202350714)
(531,492,34.22698202350714)
(531,521,72.83990338723038)
(521,531,72.83990338723038)
(521,501,99.23403135355886)
(501,521,99.23403135355886)
(501,542,23.600308219338736)
(542,501,23.600308219338736)
(542,563,96.3511620711549)
(563,542,96.3511620711549)
(563,586,62.70415484495123)
(586,563,62.70415484495123)
(586,508,33.26165347042422)
(508,586,33.26165347042422)
(592,518,109.09477304833507)
(518,592,109.09477304833507)
(518,538,10.756657966108643)
(538,518,10.756657966108643)
(538,559,8.588962034575875)
(559,538,8.588962034575875)
(527,547,12.120612680211286)
(547,527,12.120612680211286)
(525,560,70.59995784521256)
(560,525,70.59995784521256)
(560,582,70.16950632491098)
(582,560,70.16950632491098)
(582,530,51.75510841053002)
(530,582,51.75510841053002)
(530,511,12.09677957335092)
(511,530,12.09677957335092)
(511,503,5.34173413257257)
(503,511,5.34173413257257)
(503,505,90.82546790036496)
(505,503,90.82546790036496)
(505,793,175.9733545273941)
(793,505,175.9733545273941)
(793,524,57.9769520421288)
(524,793,57.9769520421288)
(100,571,33.48135991339357)
(571,100,33.48135991339357)
(491,520,55.02176618057869)
(520,491,55.02176618057869)
(520,541,31.86556734935027)
(541,520,31.86556734935027)
(541,776,4.031265710860255)
(776,541,4.031265710860255)
(555,825,11.66486908095439)
(825,555,11.66486908095439)
(825,574,42.79608329304833)
(574,825,42.79608329304833)
(574,493,23.271681753191743)
(493,574,23.271681753191743)
(493,536,10.403772393414794)
(536,493,10.403772393414794)
(536,522,8.641302324225467)
(522,536,8.641302324225467)
(522,543,10.115900725358252)
(543,522,10.115900725358252)
(543,912,20.69476711356338)
(912,543,20.69476711356338)
(912,587,4.5553561877944615)
(587,912,4.5553561877944615)
(587,774,24.740914774836483)
(774,587,24.740914774836483)
(774,509,19.397537073592414)
(509,774,19.397537073592414)
(509,532,15.523816876962252)
(532,509,15.523816876962252)
(532,772,12.899882490684577)
(772,532,12.899882490684577)
(772,551,14.555396059480417)
(551,772,14.555396059480417)
(551,770,14.606114033961122)
(770,551,14.606114033961122)
(770,575,14.810902690764705)
(575,770,14.810902690764705)
(575,771,18.201616695810976)
(771,575,18.201616695810976)
(771,494,17.305028265745637)
(494,771,17.305028265745637)
(494,773,12.398674915890313)
(773,494,12.398674915890313)
(773,523,18.677247669874024)
(523,773,18.677247669874024)
(523,544,27.528087788342425)
(544,523,27.528087788342425)
(544,565,34.62842190056744)
(565,544,34.62842190056744)
(565,461,42.22541785651851)
(461,565,42.22541785651851)
(461,510,24.565325734331875)
(510,461,24.565325734331875)
(510,534,34.589204585702426)
(534,510,34.589204585702426)
(534,553,31.958401896296717)
(553,534,31.958401896296717)
(553,577,30.98308256642857)
(577,553,30.98308256642857)
(577,498,76.64607299779985)
(498,577,76.64607299779985)
(498,526,25.09397745073445)
(526,498,25.09397745073445)
(526,624,18.803329666438344)
(624,526,18.803329666438344)
(624,546,16.807213096006805)
(546,624,16.807213096006805)
(546,568,12.445139254538084)
(568,546,12.445139254538084)
(568,590,16.213187740578814)
(590,568,16.213187740578814)
(590,515,11.696524143444258)
(515,590,11.696524143444258)
(558,69,3.8598377803529416)
(69,558,3.8598377803529416)
(69,310,29.422021102323093)
(310,69,29.422021102323093)
(595,596,39.70040976915784)
(370,595,67.3805995935095)
(595,357,71.70783218629524)
(479,140,18.513567473279608)
(140,479,18.513567473279608)
(480,479,13.637662927924973)
(368,471,8.28703141222846)
(471,470,14.487703397325244)
(465,602,4.721589913823893)
(602,604,5.3686787379968965)
(604,368,10.172353734998978)
(78,600,4.656196101516144)
(600,598,5.776501537202579)
(119,80,38.64367861286452)
(80,81,97.92748465163918)
(81,82,65.06862868512715)
(82,379,69.35885825125875)
(379,83,5.108734047632429)
(83,84,69.47591180510035)
(84,85,71.76855120832225)
(85,439,38.908581883896666)
(439,86,40.68354107670539)
(86,899,44.766552305106046)
(899,87,38.36119898590599)
(87,222,19.92615838540366)
(222,88,113.1231672847353)
(496,382,30.861466013632576)
(382,496,30.861466013632576)
(641,634,4.129617196040752)
(634,630,13.686181007344576)
(630,496,17.64818505515719)
(659,665,12.197009306378892)
(665,669,23.56990935863801)
(669,671,4.6822706172475055)
(671,672,5.26435673641779)
(496,627,11.561586577249846)
(627,631,11.004484359704279)
(631,635,6.947396469177913)
(635,645,4.7973827172893255)
(459,909,6.35628026616798)
(909,459,6.35628026616798)
(909,550,12.384847257821214)
(550,909,12.384847257821214)
(550,908,10.227172552752466)
(908,550,10.227172552752466)
(908,454,19.65961074846138)
(454,908,19.65961074846138)
(454,456,42.52687334075453)
(456,454,42.52687334075453)
(456,451,41.95340595273316)
(451,456,41.95340595273316)
(451,452,44.11146797380732)
(452,451,44.11146797380732)
(452,460,12.067669334422554)
(460,452,12.067669334422554)
(460,449,36.38985322006859)
(449,460,36.38985322006859)
(449,457,31.15318499412019)
(457,449,31.15318499412019)
(457,517,56.16043656811459)
(517,457,56.16043656811459)
(517,907,11.455011456521778)
(907,517,11.455011456521778)
(907,458,132.68514161052727)
(458,907,132.68514161052727)
(458,564,105.19124310933417)
(564,458,105.19124310933417)
(564,495,172.41067611829212)
(495,564,172.41067611829212)
(495,727,196.44985718754884)
(727,495,196.44985718754884)
(727,584,39.425044746453445)
(584,727,39.425044746453445)
(584,455,117.6079027178276)
(455,584,117.6079027178276)
(455,450,37.852140741608345)
(450,455,37.852140741608345)
(450,453,29.310543988938196)
(453,450,29.310543988938196)
(453,448,39.22139119989614)
(448,453,39.22139119989614)
(448,12,43.08821011976021)
(12,448,43.08821011976021)
(12,552,11.136454911297385)
(552,12,11.136454911297385)
(552,672,2.5053514144442635)
(672,552,2.5053514144442635)
(672,670,5.2942511092518885)
(670,668,14.571496481230858)
(668,667,7.841380523852309)
(667,666,6.757886286508777)
(666,662,8.662149887272555)
(653,556,15.484262722918332)
(556,653,15.484262722918332)
(556,652,22.33679289808684)
(652,556,22.33679289808684)
(652,512,19.998216123374995)
(512,652,19.998216123374995)
(512,643,14.571496481230858)
(643,512,14.571496481230858)
(643,559,12.125076172419375)
(559,643,12.125076172419375)
(559,626,34.20273261462132)
(626,559,34.20273261462132)
(626,554,20.37438547923862)
(554,626,20.37438547923862)
(554,578,19.015323760516864)
(578,554,19.015323760516864)
(578,499,32.80958319215574)
(499,578,32.80958319215574)
(499,527,28.17760314180773)
(527,499,28.17760314180773)
(654,647,5.686815963103275)
(647,644,4.227813841769633)
(644,641,3.741191075494735)
(641,638,5.727899357739368)
(638,639,4.3972020495822175)
(639,645,5.082185795625271)
(645,650,4.818016716673738)
(650,657,5.573084174805787)
(657,659,5.2342916319899375)
(659,661,4.992672173693839)
(661,663,4.249091348290197)
(663,664,4.947308047851629)
(664,662,5.61981607308391)
(662,660,4.770992199585778)
(660,658,4.552385625895386)
(658,654,5.254926238803617)
(660,580,21.753849353494584)
(580,647,19.158488199818706)
(580,655,7.747080363942672)
(655,580,7.747080363942672)
(655,656,29.45969865481754)
(656,655,29.45969865481754)
(656,572,11.30523522559044)
(572,656,11.30523522559044)
(572,653,28.289719241249603)
(653,572,28.289719241249603)
(515,625,6.850664121059608)
(625,629,7.826991073396637)
(629,632,7.475146969135603)
(632,640,9.80120809623569)
(640,648,8.975583638226231)
(648,655,10.258868411448415)
(656,649,7.120482966316115)
(649,636,8.13491248027287)
(636,633,6.678686949483009)
(632,642,8.693846171644397)
(642,651,7.569856320517412)
(651,656,6.166153506851827)
(653,646,19.457419768606886)
(646,637,9.790160328573231)
(637,633,8.88570941108465)
(633,628,13.10036588386536)
(628,515,11.736933411961463)
(127,716,10.855138229623178)
(716,127,10.855138229623178)
(716,803,17.179236513216793)
(803,716,17.179236513216793)
(803,128,82.96662278636798)
(128,803,82.96662278636798)
(128,343,19.58009036410787)
(343,128,19.58009036410787)
(343,129,22.827603271096436)
(129,343,22.827603271096436)
(129,342,15.57659249704846)
(342,129,15.57659249704846)
(342,130,13.880506565246003)
(130,342,13.880506565246003)
(130,341,18.717040674658648)
(341,130,18.717040674658648)
(341,131,18.428857970666986)
(131,341,18.428857970666986)
(131,344,18.78677564128388)
(344,131,18.78677564128388)
(344,132,7.086203897635707)
(132,344,7.086203897635707)
(132,346,5.083959992151869)
(346,132,5.083959992151869)
(346,372,33.067224287751216)
(372,346,33.067224287751216)
(372,371,24.00795869862459)
(371,372,24.00795869862459)
(371,133,16.250967819436326)
(133,371,16.250967819436326)
(133,374,26.091391270155327)
(374,133,26.091391270155327)
(374,373,36.292575206014725)
(373,374,36.292575206014725)
(373,134,39.8740351494182)
(134,373,39.8740351494182)
(134,675,9.910098499542753)
(675,134,9.910098499542753)
(675,376,13.092102405824532)
(376,675,13.092102405824532)
(376,375,8.271236720669432)
(375,376,8.271236720669432)
(375,915,8.984120098341952)
(915,375,8.984120098341952)
(915,135,21.15229032454357)
(135,915,21.15229032454357)
(135,136,24.658945955641173)
(136,135,24.658945955641173)
(136,137,94.71805963496053)
(137,136,94.71805963496053)
(137,138,35.23653140817067)
(138,137,35.23653140817067)
(138,139,51.3406486931437)
(139,138,51.3406486931437)
(139,347,2.863162338736831)
(347,139,2.863162338736831)
(92,290,32.193869322779435)
(290,92,32.193869322779435)
(290,486,19.344696287857996)
(486,290,19.344696287857996)
(486,743,15.994220554873264)
(743,486,15.994220554873264)
(743,387,25.994777317763468)
(387,743,25.994777317763468)
(387,282,11.205077016144678)
(282,387,11.205077016144678)
(282,386,7.534030959380924)
(386,282,7.534030959380924)
(386,384,7.040238846745678)
(384,386,7.040238846745678)
(384,385,7.771487998886902)
(385,384,7.771487998886902)
(385,283,7.6090694011345)
(283,385,7.6090694011345)
(283,738,108.63434679009487)
(738,283,108.63434679009487)
(738,676,136.18644360559765)
(676,738,136.18644360559765)
(676,355,102.74763058379995)
(355,676,102.74763058379995)
(355,919,56.927359875860446)
(919,355,56.927359875860446)
(919,301,4.800201667322392)
(301,919,4.800201667322392)
(301,794,20.13058539158497)
(794,301,20.13058539158497)
(794,353,16.60776434150568)
(353,794,16.60776434150568)
(353,354,101.66420939439193)
(354,353,101.66420939439193)
(354,352,100.83379859785784)
(352,354,100.83379859785784)
(352,744,150.44084527617002)
(744,352,150.44084527617002)
(744,284,287.3346565213377)
(284,744,287.3346565213377)
(278,317,35.94626623096477)
(317,278,35.94626623096477)
(394,369,46.78301235246909)
(369,394,46.78301235246909)
(369,396,52.00290972853064)
(396,369,52.00290972853064)
(396,597,67.88277812874733)
(597,396,67.88277812874733)
(597,596,67.47429094353834)
(596,597,67.47429094353834)
(596,368,70.89206753020262)
(368,596,70.89206753020262)
(694,4,4.358060095327303)
(4,697,4.205356596643194)
(697,700,4.263922427757521)
(700,702,4.312293995367395)
(702,146,4.313339526718767)
(146,704,4.2797558369637585)
(704,349,4.34770101223122)
(349,703,4.257572576985257)
(703,701,4.298678946948177)
(701,698,4.295530884316529)
(698,2,4.324823689557196)
(2,695,4.259690245644917)
(695,693,4.2797558369637585)
(693,691,4.295530884316529)
(691,692,4.208572111268711)
(692,694,4.351847604506334)
(5,696,8.33531790524748)
(696,2,7.174737452831118)
(701,699,6.161764264269152)
(699,5,8.75431953826978)
(164,156,8.606793445915878)
(156,164,8.606793445915878)
(156,886,13.92655991573561)
(886,156,13.92655991573561)
(886,893,4.917138466764546)
(893,886,4.917138466764546)
(893,709,9.009180454129618)
(709,893,9.009180454129618)
(709,710,28.74604723011618)
(710,709,28.74604723011618)
(710,711,17.87615541009991)
(711,710,17.87615541009991)
(711,712,16.809091011904606)
(712,711,16.809091011904606)
(712,715,11.229999550073305)
(715,712,11.229999550073305)
(715,242,12.923630196350416)
(242,715,12.923630196350416)
(720,719,19.651581407649367)
(719,720,19.651581407649367)
(719,718,9.699000995743322)
(718,719,9.699000995743322)
(718,717,36.00292153854625)
(717,718,36.00292153854625)
(743,742,11.878232314521776)
(742,743,11.878232314521776)
(742,741,7.269018601451522)
(741,742,7.269018601451522)
(741,740,8.35369075144717)
(740,741,8.35369075144717)
(740,739,108.7631110433987)
(739,740,108.7631110433987)
(739,737,67.45016165039726)
(737,739,67.45016165039726)
(737,734,6.973310011096392)
(734,737,6.973310011096392)
(734,732,7.935128306750137)
(732,734,7.935128306750137)
(732,735,21.410365736391594)
(735,732,21.410365736391594)
(735,736,7.115415006267424)
(736,735,7.115415006267424)
(736,733,9.774949260234918)
(733,736,9.774949260234918)
(733,731,30.24932866393809)
(731,733,30.24932866393809)
(731,730,8.219282919661282)
(730,731,8.219282919661282)
(748,747,6.278478833470959)
(747,746,7.992880270116119)
(746,244,59.424027356755396)
(244,713,68.50242852851723)
(713,216,3.8033493025945244)
(216,714,24.000444705545604)
(714,155,51.31666584208585)
(184,753,9.01768511036555)
(753,184,9.01768511036555)
(753,750,99.2079454184105)
(750,753,99.2079454184105)
(304,795,28.671912398500755)
(795,304,28.671912398500755)
(795,818,13.363111530308538)
(818,795,13.363111530308538)
(818,817,43.74459911176514)
(817,818,43.74459911176514)
(817,916,36.903442859670214)
(916,817,36.903442859670214)
(916,917,10.84516413419731)
(917,916,10.84516413419731)
(917,897,6.090365911171853)
(897,917,6.090365911171853)
(589,762,16.40644073319799)
(762,589,16.40644073319799)
(762,922,108.16841746591409)
(922,762,108.16841746591409)
(922,781,12.486375986487946)
(781,922,12.486375986487946)
(335,325,79.42495168889539)
(325,339,73.40439828062031)
(339,153,72.70333580640856)
(145,246,15.173033853641245)
(246,220,71.37314376366218)
(220,213,70.20265733533576)
(213,430,72.6771579323532)
(552,576,17.883721183082343)
(576,552,17.883721183082343)
(576,497,34.03197296535697)
(497,576,34.03197296535697)
(497,525,13.662438578312383)
(525,497,13.662438578312383)
(525,545,20.16214419193452)
(545,525,20.16214419193452)
(545,567,31.953180938133958)
(567,545,31.953180938133958)
(567,589,27.45197795198194)
(589,567,27.45197795198194)
(589,514,40.6269755913583)
(514,589,40.6269755913583)
(514,506,38.28271587367192)
(506,514,38.28271587367192)
(506,535,12.957778271708225)
(535,506,12.957778271708225)
(535,557,18.149269247373702)
